seq_len: 512
label_len: 0
pred_len: [96, 192, 336, 720]
batch_size: 32
d_model: 32
dropout: [0.1, 0.1, 0.2, 0.1]
learning_rate: [0.00328086, 0.000493286, 0.002505375, 0.001977516]
lradj: type3
patch_len: 16
use_amp: true
